4.6510262453954645e-16
4.323958805460591e-16
4.456362016699739e-16
4.1894556739014806e-16
4.4062848287061957e-16
4.270560090328395e-16
4.566397757676259e-16
4.4011451844120645e-16
4.556846053981568e-16
4.398571358762697e-16
4.432886229919855e-16
4.447721657475024e-16
4.369639851497046e-16
4.536346591401937e-16
4.4038131367920065e-16
4.49119177590447e-16
4.519503790703734e-16
4.4251978861928287e-16
4.503557378693239e-16
4.3590853885594967e-16
4.457053443667263e-16
4.46154092115951e-16
4.3923135976418003e-16
4.448431745299681e-16
4.32465715029825e-16
4.4044414152103334e-16
4.35722790992278e-16
4.471112241260378e-16
4.401312373644539e-16
4.354254505640245e-16
4.3518805661760364e-16
4.4058555883364597e-16
4.442779917465524e-16
4.3936027785166177e-16
4.4320173068278945e-16
4.47280811596267e-16
4.45882574761839e-16
4.418106942344887e-16
4.462641201279147e-16
4.4168008323544757e-16
4.450447337850359e-16
4.432729744848469e-16
4.4328486068221346e-16
4.439945784870143e-16
4.446738508666323e-16
4.4199415245619096e-16
4.494934669234122e-16
4.460105963941538e-16
4.488758898352406e-16
