7.82686838636657e-15
4.930611573408159e-15
1.3868819192742442e-14
5.078236450996831e-15
1.0632225333609438e-13
2.1571254624623032e-14
4.14896423767691e-14
1.4460836611047044e-14
2.0693093606331694e-14
8.127800980755746e-14
5.140750329980877e-14
1.9719000893101345e-13
3.1171127081992004e-13
3.593845700842181e-14
2.338517789370956e-14
3.0716915010440404e-14
1.3435086989645602e-13
1.6547081480612653e-14
3.7896837481885765e-14
3.1198946287501413e-14
2.6789044709607364e-14
2.9592601896989074e-14
1.7422546726714666e-14
5.6049358661919655e-14
7.260908594895696e-14
6.822976339704206e-14
4.5722319878814334e-14
2.7747153296127374e-14
9.540834231734904e-14
8.532645317006246e-14
1.0002392289305808e-13
4.504104989988029e-14
3.934392758118042e-14
1.393303699455589e-13
7.249568295139195e-14
4.441295996616999e-14
1.9198360811904767e-14
6.30416252030537e-14
3.2060264634252764e-14
4.3610602398350065e-14
7.086872455567354e-14
2.2939473738386667e-14
5.72009827815637e-14
8.908895653650092e-14
3.27358495100895e-14
5.434431859308104e-14
3.2263884693420866e-13
5.5926719334387723e-14
3.9100696122406284e-14
